function K = lqr_k(L0)
%LQR_K
%    K = LQR_K(L0)

%    This function was generated by the Symbolic Math Toolbox version 23.2.
%    2024-03-27 03:41:06

t2 = L0.^2;
t3 = L0.^3;
mt1 = [L0.*(-1.66700655487403e+2)+t2.*3.104049698775227e+2-t3.*2.66253098888401e+2-5.165990074013853];
mt2 = [L0.*8.181886135160445e+1-t2.*3.255829769960363e+2+t3.*3.639489662441405e+2+1.220307867941224e+1];
mt3 = [L0.*(-1.426742735374554e+1)+t2.*3.724174164824606-t3.*4.912867449872688-6.627033761989127e-1];
mt4 = [L0.*4.269148483894038-t2.*1.827184848983599e+1+t3.*2.007906017097195e+1+2.077165113838353];
mt5 = [L0.*(-3.319723893080938e+1)+t2.*8.250093488622298e+1-t3.*7.451013321586096e+1-3.626038354528999];
mt6 = [L0.*(-1.542148400066982e+1)-t2.*2.513562791541282e+1+t3.*5.973592356766767e+1+1.017334896132809e+1];
mt7 = [L0.*(-1.927100514826911e+1)+t2.*3.805563556377173e+1-t3.*3.168794051442199e+1-4.487826360199756];
mt8 = [L0.*(-2.150885842237216e+1)+t2.*9.704765436747705+t3.*1.576731614818867e+1+9.226751001533348];
mt9 = [L0.*(-8.519293670349116e+1)+t2.*1.482423222620086e+2-t3.*1.049760724587584e+2+2.512413278369683e+1];
mt10 = [L0.*1.45012692339202e+2-t2.*3.561077586258588e+2+t3.*3.199153309335099e+2+1.492828493262826e+1];
mt11 = [L0.*(-1.734949517430262e+1)+t2.*3.280707776974199e+1-t3.*2.551632669348838e+1+5.296710766975917];
mt12 = [L0.*2.883393084107592e+1-t2.*6.803559913649944e+1+t3.*5.961902576766195e+1+1.517413529554708];
K = reshape([mt1,mt2,mt3,mt4,mt5,mt6,mt7,mt8,mt9,mt10,mt11,mt12],2,6);
end
